90
100000 1
100001 1
691094 397662
386823 517868
936942 837899
137552 675843
341144 735382
113500 209119
924902 541570
877537 695942
258000 228602
660133 174995
817407 982390
555326 516753
529770 260888
241907 996479
93124 965637
897418 558420
900621 882836
633245 188750
339107 278935
349289 700516
726120 846852
897313 856518
887287 404600
780052 887971
642177 851121
84159 935846
161666 785518
898757 669139
606566 580818
9200 372367
101495 940346
663652 973884
5063 283985
160845 305433
548858 485724
692052 448526
652109 994682
224320 175965
712340 18080
237303 494005
325474 178863
746660 366552
649780 744339
849415 721103
657762 308131
568437 542663
93696 508929
367799 636476
265263 250519
244045 590004
973230 979114
393187 486852
892248 906303
631281 434493
794991 350158
502751 645249
577034 669075
492629 864363
195287 230238
722615 499306
280836 572134
24322 768728
645618 43614
177151 994775
940671 470051
954144 279624
915071 883694
370243 747888
15461 953287
928528 330825
428281 552890
966873 572422
963838 980553
853202 75364
294516 305766
385185 190955
851329 268536
316994 485390
169531 372771
556927 394781
936366 844404
696187 930227
570190 70432
97199 208966
615146 671295
990277 358728
140116 254221
518447 295358
